3,2
3,1
3,3
10,277
10,218
10,306
10,75
10,294
10,80
10,106
10,191
11,29
11,16
11,8
11,21
11,30
11,13
9,2
8,4
8,17
8,10
8,14
8,12
8,2
8,3
0,320
2,2
2,1
2,3
33,99
33,98
33,97
33,96
33,95
33,94
33,93
33,92
33,91
33,90
33,89
33,88
33,87
33,86
33,85
33,84
33,83
33,82
33,81
33,80
33,79
33,78
33,77
33,76
33,75
33,74
33,73
33,72
33,71
33,70
33,69
33,68
33,67
33,66
33,65
33,64
33,37
33,36
33,35
33,34
33,33
33,32
33,31
33,30
33,29
33,28
33,27
33,26
33,25
33,24
33,23
33,1
20,3
20,2
20,1
19,3
19,2
19,1
18,3
18,1
14,5
14,3
14,1
13,3
13,1
12,3
12,2
12,1
11,28
11,26
11,22
11,20
11,19
11,17
11,14
11,12
11,11
11,5
11,4
11,3
11,2
11,1
10,299
